# wavelength, intensity
4.509759000000000242e+02 1.264992196691287329e-03
4.514880990009990001e+02 8.671383864220583507e-04
4.520002980019980328e+02 0.000000000000000000e+00
4.525124970029970086e+02 2.694324005152570756e-03
4.530246960039960413e+02 2.505618473327429589e-03
4.535368950049950172e+02 2.929767068490146936e-03
4.540490940059940499e+02 4.451610117982545550e-03
4.545612930069930258e+02 3.622178342911362269e-03
4.550734920079920585e+02 4.074593748479008425e-03
4.555856910089910343e+02 3.859667658287988575e-03
4.560978900099900102e+02 5.303702648895367543e-03
4.566100890109890429e+02 5.376291819685239011e-03
4.571222880119880188e+02 7.003991501479867390e-03
4.576344870129870515e+02 5.749149135253755517e-03
4.581466860139860273e+02 7.002690306316304569e-03
4.586588850149850600e+02 8.151856848953378809e-03
4.591710840159840359e+02 7.538851103758335316e-03
4.596832830169830686e+02 8.879870482507183291e-03
4.601954820179820445e+02 8.772589891090674247e-03
4.607076810189810203e+02 9.727236065709937707e-03
4.612198800199800530e+02 1.028535754694959517e-02
4.617320790209790289e+02 1.077240595255631907e-02
4.622442780219780616e+02 1.281410506360132311e-02
4.627564770229770374e+02 1.178826374204272782e-02
4.632686760239760702e+02 1.176339715240371647e-02
4.637808750249750460e+02 1.298234939260584433e-02
4.642930740259740219e+02 1.193695132692707342e-02
4.648052730269730546e+02 1.437947551313820821e-02
4.653174720279720304e+02 1.346976679090007220e-02
4.658296710289710632e+02 1.507216405038047310e-02
4.663418700299700390e+02 1.541945455073461153e-02
4.668540690309690717e+02 1.696811633042611192e-02
4.673662680319680476e+02 1.664758759845594988e-02
4.678784670329670803e+02 1.885205483610990704e-02
4.683906660339660561e+02 1.766173948746774594e-02
4.689028650349650320e+02 1.994001544602328618e-02
4.694150640359640647e+02 2.144175818119695848e-02
4.699272630369630406e+02 2.263634511659872936e-02
4.704394620379620733e+02 2.237777402952021918e-02
4.709516610389610491e+02 2.348833576274977908e-02
4.714638600399600818e+02 2.484277140296807518e-02
4.719760590409590577e+02 2.589168077590895886e-02
4.724882580419580904e+02 2.472648094369900990e-02
4.730004570429570663e+02 2.582256056323728802e-02
4.735126560439560421e+02 2.870001850491652948e-02
4.740248550449550748e+02 2.908758998397472512e-02
4.745370540459540507e+02 3.032271267967311459e-02
4.750492530469530834e+02 2.912667938742980953e-02
4.755614520479520593e+02 2.943145915312152250e-02
4.760736510489510920e+02 3.235846713760308357e-02
4.765858500499500678e+02 3.592580105207142382e-02
4.770980490509490437e+02 3.320545356231414946e-02
4.776102480519480764e+02 3.333337328737127903e-02
4.781224470529470523e+02 3.648691772619547247e-02
4.786346460539460850e+02 3.659721356497225297e-02
4.791468450549450608e+02 3.827232305902657922e-02
4.796590440559440935e+02 3.756401668604931327e-02
4.801712430569430694e+02 3.834500552515705124e-02
4.806834420579421021e+02 3.826123179639440847e-02
4.811956410589410780e+02 4.035607131719680385e-02
4.817078400599400538e+02 3.951704671031346094e-02
4.822200390609390865e+02 4.242511848742402947e-02
4.827322380619380624e+02 4.304059150171869741e-02
4.832444370629370951e+02 4.299260403217628618e-02
4.837566360639360710e+02 4.254349602649836609e-02
4.842688350649351037e+02 4.459713247219629362e-02
4.847810340659340795e+02 4.425912786143725020e-02
4.852932330669331122e+02 4.714707636422484083e-02
4.858054320679320881e+02 4.612639223591979976e-02
4.863176310689310640e+02 4.664588000558590741e-02
4.868298300699300967e+02 4.828295696586109437e-02
4.873420290709290725e+02 5.007627823289586416e-02
4.878542280719281052e+02 4.927973629454836246e-02
4.883664270729270811e+02 4.850391853118979357e-02
4.888786260739261138e+02 5.046891367258565103e-02
4.893908250749250897e+02 5.177884015827444175e-02
4.899030240759241224e+02 5.306559909620789384e-02
4.904152230769230982e+02 5.423415652036031598e-02
4.909274220779220741e+02 5.347285601894916779e-02
4.914396210789211068e+02 5.591534019391237315e-02
4.919518200799200827e+02 5.816094757160933382e-02
4.924640190809191154e+02 5.795820994618641059e-02
4.929762180819180912e+02 5.758238978518483153e-02
4.934884170829171239e+02 5.878169673961951280e-02
4.940006160839160998e+02 6.119832689759525240e-02
4.945128150849151325e+02 6.257962746269128684e-02
4.950250140859141084e+02 6.155511736794969796e-02
4.955372130869130842e+02 6.258128241215112075e-02
4.960494120879121169e+02 6.397703400853921307e-02
4.965616110889110928e+02 6.487257043707567172e-02
4.970738100899101255e+02 6.583064075003465521e-02
4.975860090909091014e+02 6.679577493721348957e-02
4.980982080919081341e+02 6.705630160639598769e-02
4.986104070929071099e+02 6.983693035759840073e-02
4.991226060939061426e+02 7.006590241484834947e-02
4.996348050949051185e+02 7.074102359496553527e-02
5.001470040959040944e+02 6.990166992173819926e-02
5.006592030969031271e+02 7.233162738935049185e-02
5.011714020979021029e+02 7.537638265949389571e-02
5.016836010989011356e+02 7.277328290717852144e-02
5.021958000999001115e+02 7.464515524248485634e-02
5.027079991008991442e+02 7.647263229257049433e-02
5.032201981018981201e+02 7.717065569000211567e-02
5.037323971028971528e+02 7.813444431516684829e-02
5.042445961038961286e+02 7.798441665501855413e-02
5.047567951048951045e+02 7.794408310046839483e-02
5.052689941058941372e+02 8.018665797658441896e-02
5.057811931068931131e+02 8.023198030169566286e-02
5.062933921078921458e+02 7.859212656569972144e-02
5.068055911088911216e+02 8.084998964305735447e-02
5.073177901098900975e+02 8.133016912164700574e-02
5.078299891108891302e+02 8.299896047805138677e-02
5.083421881118881629e+02 8.161624847983661724e-02
5.088543871128871388e+02 8.205209950032656130e-02
5.093665861138861146e+02 8.611373358304438841e-02
5.098787851148851473e+02 8.600909883095685105e-02
5.103909841158841232e+02 8.522006537067465526e-02
5.109031831168831559e+02 8.542889616467636005e-02
5.114153821178821318e+02 8.557752423443205914e-02
5.119275811188811076e+02 8.840539356166809970e-02
5.124397801198801972e+02 8.709198985824083417e-02
5.129519791208791730e+02 8.728836352690776124e-02
5.134641781218781489e+02 8.631545705874149599e-02
5.139763771228771247e+02 8.880318832427980258e-02
5.144885761238761006e+02 9.024413161553025697e-02
5.150007751248751902e+02 8.914262008739326504e-02
5.155129741258741660e+02 9.014779000912782891e-02
5.160251731268731419e+02 9.075354351540355913e-02
5.165373721278721177e+02 9.262791328839303784e-02
5.170495711288710936e+02 9.226866579570267013e-02
5.175617701298701832e+02 9.363710346667379614e-02
5.180739691308691590e+02 9.357008715664548448e-02
5.185861681318681349e+02 9.657728587027399059e-02
5.190983671328671107e+02 9.763432954089347471e-02
5.196105661338662003e+02 9.611025273321825713e-02
5.201227651348651762e+02 9.762989777204962583e-02
5.206349641358641520e+02 9.868252853998454865e-02
5.211471631368631279e+02 1.013665826239104895e-01
5.216593621378622174e+02 1.020319064639892970e-01
5.221715611388611933e+02 1.038093147622786150e-01
5.226837601398601691e+02 1.058952593721488450e-01
5.231959591408591450e+02 1.079304247843171222e-01
5.237081581418581209e+02 1.080317109965606426e-01
5.242203571428572104e+02 1.084782581669382212e-01
5.247325561438561863e+02 1.117683850572853826e-01
5.252447551448551621e+02 1.121181225055813135e-01
5.257569541458541380e+02 1.170800460579686370e-01
5.262691531468531139e+02 1.176338830543486175e-01
5.267813521478522034e+02 1.193602887193501993e-01
5.272935511488511793e+02 1.219802736888989936e-01
5.278057501498501551e+02 1.246093721952395705e-01
5.283179491508491310e+02 1.253600445553011145e-01
5.288301481518481069e+02 1.272168571041952523e-01
5.293423471528471964e+02 1.294387677724232188e-01
5.298545461538461723e+02 1.314417232821389614e-01
5.303667451548451481e+02 1.323961297650064206e-01
5.308789441558441240e+02 1.331340852457259805e-01
5.313911431568432135e+02 1.345371486243389647e-01
5.319033421578421894e+02 1.390484044483798476e-01
5.324155411588411653e+02 1.394444479093780442e-01
5.329277401598401411e+02 1.393573681336529313e-01
5.334399391608392307e+02 1.401968302463436900e-01
5.339521381618382065e+02 1.410794345384884241e-01
5.344643371628371824e+02 1.445040519903482978e-01
5.349765361638361583e+02 1.443445110376712359e-01
5.354887351648351341e+02 1.445884055431223558e-01
5.360009341658342237e+02 1.475892808707353066e-01
5.365131331668331995e+02 1.471267353028880287e-01
5.370253321678321754e+02 1.490960709858562272e-01
5.375375311688311513e+02 1.506907235607109208e-01
5.380497301698301271e+02 1.525439768623418901e-01
5.385619291708292167e+02 1.553626682217025545e-01
5.390741281718281925e+02 1.566231032760639075e-01
5.395863271728271684e+02 1.548675544228634571e-01
5.400985261738261443e+02 1.555545960115629900e-01
5.406107251748252338e+02 1.582718876853349554e-01
5.411229241758242097e+02 1.606040976880705462e-01
5.416351231768231855e+02 1.607333630644231792e-01
5.421473221778221614e+02 1.632143258355090443e-01
5.426595211788212509e+02 1.645832554474734311e-01
5.431717201798202268e+02 1.679284378216249485e-01
5.436839191808192027e+02 1.689046426162140457e-01
5.441961181818181785e+02 1.737275411426330296e-01
5.447083171828171544e+02 1.744367895795467249e-01
5.452205161838162439e+02 1.764454816882234101e-01
5.457327151848152198e+02 1.808883738124356655e-01
5.462449141858141957e+02 1.815379502283170909e-01
5.467571131868131715e+02 1.832322048631656042e-01
5.472693121878121474e+02 1.873404147725396818e-01
5.477815111888112369e+02 1.902998067281619354e-01
5.482937101898102128e+02 1.923430115844455834e-01
5.488059091908091887e+02 1.954613961222680663e-01
5.493181081918081645e+02 1.988437058314750927e-01
5.498303071928072541e+02 2.029111571943803538e-01
5.503425061938062299e+02 2.018568745480557591e-01
5.508547051948052058e+02 2.056025275618679204e-01
5.513669041958041817e+02 2.093282179796837339e-01
5.518791031968032712e+02 2.127144145161732336e-01
5.523913021978022471e+02 2.157644257644108499e-01
5.529035011988012229e+02 2.184179194718875727e-01
5.534157001998001988e+02 2.204572979362785790e-01
5.539278992007991747e+02 2.259066780614073788e-01
5.544400982017982642e+02 2.299945003734901183e-01
5.549522972027972401e+02 2.340785267379961454e-01
5.554644962037962159e+02 2.366383283738109078e-01
5.559766952047951918e+02 2.419611380690123992e-01
5.564888942057941676e+02 2.454355428882118717e-01
5.570010932067932572e+02 2.510137302693933870e-01
5.575132922077922331e+02 2.549788032857078779e-01
5.580254912087912089e+02 2.603342836381030145e-01
5.585376902097901848e+02 2.604561252579302155e-01
5.590498892107892743e+02 2.646830301856195611e-01
5.595620882117882502e+02 2.685130787113916284e-01
5.600742872127872261e+02 2.710798922462976934e-01
5.605864862137862019e+02 2.760188381490210618e-01
5.610986852147852915e+02 2.798265016293539631e-01
5.616108842157842673e+02 2.836811504240178139e-01
5.621230832167832432e+02 2.892636575366020479e-01
5.626352822177822190e+02 2.931224454006911562e-01
5.631474812187811949e+02 2.978412001697105516e-01
5.636596802197802845e+02 3.005465933816625079e-01
5.641718792207792603e+02 3.042552769284769809e-01
5.646840782217782362e+02 3.087805755162281729e-01
5.651962772227772120e+02 3.108270750319733766e-01
5.657084762237761879e+02 3.134830180465592031e-01
5.662206752247752775e+02 3.163316282330526086e-01
5.667328742257742533e+02 3.179125437100241425e-01
5.672450732267732292e+02 3.220689192884160224e-01
5.677572722277722050e+02 3.253829821994155269e-01
5.682694712287711809e+02 3.267716604973632255e-01
5.687816702297702705e+02 3.281885357978365225e-01
5.692938692307692463e+02 3.329000909254560825e-01
5.698060682317682222e+02 3.328780117935896676e-01
5.703182672327671980e+02 3.353093710148066786e-01
5.708304662337662876e+02 3.354202126671707029e-01
5.713426652347652634e+02 3.360388801991923691e-01
5.718548642357642393e+02 3.398303188695575017e-01
5.723670632367632152e+02 3.405975374765000119e-01
5.728792622377623047e+02 3.421564386946537306e-01
5.733914612387612806e+02 3.468054802487519073e-01
5.739036602397602564e+02 3.463082371133841542e-01
5.744158592407592323e+02 3.493111021036549579e-01
5.749280582417582082e+02 3.530510415567798543e-01
5.754402572427572977e+02 3.528169484214783713e-01
5.759524562437562736e+02 3.571058427691428672e-01
5.764646552447552494e+02 3.578710946542453253e-01
5.769768542457542253e+02 3.596160639167738093e-01
5.774890532467532012e+02 3.630650849179691830e-01
5.780012522477522907e+02 3.640651542269454088e-01
5.785134512487512666e+02 3.661244190248858499e-01
5.790256502497502424e+02 3.676106834774256482e-01
5.795378492507493320e+02 3.683108437291336967e-01
5.800500482517481942e+02 3.688031213437085731e-01
5.805622472527472837e+02 3.755257753925043129e-01
5.810744462537462596e+02 3.739727756032462658e-01
5.815866452547452354e+02 3.787021781694165368e-01
5.820988442557443250e+02 3.784916823653443618e-01
5.826110432567433008e+02 3.824541974936149225e-01
5.831232422577422767e+02 3.832745139469994622e-01
5.836354412587412526e+02 3.852256150263870804e-01
5.841476402597402284e+02 3.882142289958243064e-01
5.846598392607393180e+02 3.906332317936141996e-01
5.851720382617382938e+02 3.933479242421760724e-01
5.856842372627372697e+02 3.949843427250498418e-01
5.861964362637362456e+02 3.976188821807648544e-01
5.867086352647352214e+02 3.988250072817079994e-01
5.872208342657343110e+02 4.038265280974989158e-01
5.877330332667332868e+02 4.038385400498700761e-01
5.882452322677322627e+02 4.092023428043626287e-01
5.887574312687312386e+02 4.120868097502215499e-01
5.892696302697302144e+02 4.153297037491527344e-01
5.897818292707293040e+02 4.159892945249846208e-01
5.902940282717282798e+02 4.165599258459131704e-01
5.908062272727272557e+02 4.199560627603857732e-01
5.913184262737263452e+02 4.225930884126340992e-01
5.918306252747253211e+02 4.255924477201126210e-01
5.923428242757242970e+02 4.269934578572984196e-01
5.928550232767232728e+02 4.301622025600923549e-01
5.933672222777222487e+02 4.314781558863200472e-01
5.938794212787213382e+02 4.385185729037257563e-01
5.943916202797203141e+02 4.401306757315255891e-01
5.949038192807192900e+02 4.449125127823811976e-01
5.954160182817182658e+02 4.465606432013294325e-01
5.959282172827172417e+02 4.510875099857070691e-01
5.964404162837163312e+02 4.548987418266760563e-01
5.969526152847153071e+02 4.585690921447009294e-01
5.974648142857142830e+02 4.618237429932933735e-01
5.979770132867132588e+02 4.646079013749143671e-01
5.984892122877122347e+02 4.687879612068723278e-01
5.990014112887113242e+02 4.740083482944708049e-01
5.995136102897103001e+02 4.780751876724350091e-01
6.000258092907092760e+02 4.785027600892231003e-01
6.005380082917083655e+02 4.823730382976570974e-01
6.010502072927073414e+02 4.871506114693062162e-01
6.015624062937063172e+02 4.866142056759183432e-01
6.020746052947052931e+02 4.882816859814196886e-01
6.025868042957042690e+02 4.962215208579536796e-01
6.030990032967033585e+02 4.965535703166305548e-01
6.036112022977023344e+02 4.976944852389118545e-01
6.041234012987013102e+02 4.984207538791957104e-01
6.046356002997002861e+02 5.012246113560716587e-01
6.051477993006992619e+02 5.055454576497842023e-01
6.056599983016983515e+02 5.064719012298620759e-01
6.061721973026973274e+02 5.082543583419496525e-01
6.066843963036963032e+02 5.068012370829785285e-01
6.071965953046952791e+02 5.110280548654616561e-01
6.077087943056942549e+02 5.115072506791417117e-01
6.082209933066933445e+02 5.130298233266724628e-01
6.087331923076923204e+02 5.109478693048704612e-01
6.092453913086912962e+02 5.143508790416176923e-01
6.097575903096903858e+02 5.149043321575069720e-01
6.102697893106893616e+02 5.156901640511870610e-01
6.107819883116883375e+02 5.180838900484990850e-01
6.112941873126873134e+02 5.187063601532346802e-01
6.118063863136862892e+02 5.194598784914113976e-01
6.123185853146853788e+02 5.205875033910793981e-01
6.128307843156843546e+02 5.203899844032287003e-01
6.133429833166833305e+02 5.178874520548656379e-01
6.138551823176823063e+02 5.215746167034688296e-01
6.143673813186812822e+02 5.198312390322139542e-01
6.148795803196803718e+02 5.218452043131379670e-01
6.153917793206793476e+02 5.197639568285825629e-01
6.159039783216783235e+02 5.221868690580022676e-01
6.164161773226772993e+02 5.182409447699386496e-01
6.169283763236762752e+02 5.168336928576700018e-01
6.174405753246753648e+02 5.205947970662850866e-01
6.179527743256743406e+02 5.215139337639635997e-01
6.184649733266733165e+02 5.213936262917225894e-01
6.189771723276724060e+02 5.203925135281600722e-01
6.194893713286712682e+02 5.170791774523603168e-01
6.200015703296703578e+02 5.184052907023448675e-01
6.205137693306693336e+02 5.180679501412228660e-01
6.210259683316683095e+02 5.211858604492052294e-01
6.215381673326673990e+02 5.166928619518368349e-01
6.220503663336663749e+02 5.173905376671149581e-01
6.225625653346653507e+02 5.193463902062348536e-01
6.230747643356643266e+02 5.159264057454280294e-01
6.235869633366633025e+02 5.181083396325477652e-01
6.240991623376623920e+02 5.163892135577318188e-01
6.246113613386613679e+02 5.176083623085325769e-01
6.251235603396603437e+02 5.173276547789263935e-01
6.256357593406593196e+02 5.178949528384612089e-01
6.261479583416582955e+02 5.193414538322618235e-01
6.266601573426573850e+02 5.207572324916537321e-01
6.271723563436563609e+02 5.217524351924103243e-01
6.276845553446553367e+02 5.213765477963357986e-01
6.281967543456543126e+02 5.255918201818149393e-01
6.287089533466532885e+02 5.236998913583336135e-01
6.292211523476523780e+02 5.259132700304900432e-01
6.297333513486513539e+02 5.294443224022005179e-01
6.302455503496503297e+02 5.307033506776599463e-01
6.307577493506494193e+02 5.348763205984309321e-01
6.312699483516483951e+02 5.370491964659367401e-01
6.317821473526473710e+02 5.434190430777146030e-01
6.322943463536463469e+02 5.438077787260102713e-01
6.328065453546453227e+02 5.473013875776360226e-01
6.333187443556444123e+02 5.470676972768370172e-01
6.338309433566433881e+02 5.533330226241383043e-01
6.343431423576423640e+02 5.566636013375072523e-01
6.348553413586413399e+02 5.624219744994990444e-01
6.353675403596403157e+02 5.648686163866093457e-01
6.358797393606394053e+02 5.702879011672014054e-01
6.363919383616383811e+02 5.766520309227537444e-01
6.369041373626373570e+02 5.811601168406218543e-01
6.374163363636363329e+02 5.848503858898330687e-01
6.379285353646353087e+02 5.926126786418324244e-01
6.384407343656343983e+02 6.010317656928279018e-01
6.389529333666333741e+02 6.058891249615508956e-01
6.394651323676323500e+02 6.086423708230392915e-01
6.399773313686314395e+02 6.154818614048125358e-01
6.404895303696304154e+02 6.218387396065068184e-01
6.410017293706293913e+02 6.258417461687313388e-01
6.415139283716283671e+02 6.313717951881511192e-01
6.420261273726273430e+02 6.348688634466534975e-01
6.425383263736264325e+02 6.410883978865893340e-01
6.430505253746254084e+02 6.448149651593397813e-01
6.435627243756243843e+02 6.511976492551089235e-01
6.440749233766233601e+02 6.562035882637784479e-01
6.445871223776223360e+02 6.623951657595906761e-01
6.450993213786214255e+02 6.698982128927158941e-01
6.456115203796204014e+02 6.714415565752647197e-01
6.461237193806193773e+02 6.726167294326630408e-01
6.466359183816183531e+02 6.780326193480490371e-01
6.471481173826173290e+02 6.851407380861265217e-01
6.476603163836164185e+02 6.880099521160119025e-01
6.481725153846153944e+02 6.911421658174512483e-01
6.486847143856143703e+02 6.926898608502145560e-01
6.491969133866134598e+02 7.010563819869795044e-01
6.497091123876124357e+02 7.069389849995647568e-01
6.502213113886114115e+02 7.073026610508778012e-01
6.507335103896103874e+02 7.122313278486224197e-01
6.512457093906093633e+02 7.132890866343070124e-01
6.517579083916084528e+02 7.157532813083435919e-01
6.522701073926074287e+02 7.165038262011792503e-01
6.527823063936064045e+02 7.193218769839286875e-01
6.532945053946053804e+02 7.207024426183847865e-01
6.538067043956043563e+02 7.235166656452209910e-01
6.543189033966034458e+02 7.251797299415919662e-01
6.548311023976024217e+02 7.251306395287636652e-01
6.553433013986013975e+02 7.280810131071855373e-01
6.558555003996003734e+02 7.272391901052317476e-01
6.563676994005993492e+02 7.285589733165632742e-01
6.568798984015984388e+02 7.260692235622163704e-01
6.573920974025974147e+02 7.268157981188350103e-01
6.579042964035963905e+02 7.274177451477457090e-01
6.584164954045954801e+02 7.253074826453834723e-01
6.589286944055943422e+02 7.261919138141049723e-01
6.594408934065934318e+02 7.229450497301477263e-01
6.599530924075924077e+02 7.255824114523726776e-01
6.604652914085913835e+02 7.248499246227325665e-01
6.609774904095904731e+02 7.244606676754258290e-01
6.614896894105894489e+02 7.241364151289494400e-01
6.620018884115884248e+02 7.256455081430378540e-01
6.625140874125874006e+02 7.269391738951650472e-01
6.630262864135863765e+02 7.258074725901004776e-01
6.635384854145854661e+02 7.272023377207668116e-01
6.640506844155844419e+02 7.302933188354218119e-01
6.645628834165834178e+02 7.309528584400469819e-01
6.650750824175823936e+02 7.369181667640858358e-01
6.655872814185813695e+02 7.349292335177545210e-01
6.660994804195804591e+02 7.375595388303354261e-01
6.666116794205794349e+02 7.363532494335598422e-01
6.671238784215784108e+02 7.414270321459233148e-01
6.676360774225773866e+02 7.446475911747290066e-01
6.681482764235763625e+02 7.422282695859759860e-01
6.686604754245754521e+02 7.437554508558673616e-01
6.691726744255744279e+02 7.496867067263992546e-01
6.696848734265734038e+02 7.521009794834605522e-01
6.701970724275724933e+02 7.596870641587211148e-01
6.707092714285714692e+02 7.667320823309907718e-01
6.712214704295704450e+02 7.660367537515975211e-01
6.717336694305694209e+02 7.662672092079487740e-01
6.722458684315683968e+02 7.699502009990882856e-01
6.727580674325674863e+02 7.703939928511179813e-01
6.732702664335664622e+02 7.742965814405691205e-01
6.737824654345654380e+02 7.772894733805079115e-01
6.742946644355644139e+02 7.826501452789637048e-01
6.748068634365633898e+02 7.866329335245364485e-01
6.753190624375624793e+02 7.888645382905216108e-01
6.758312614385614552e+02 7.956181628045533305e-01
6.763434604395604310e+02 7.962773041620953007e-01
6.768556594405594069e+02 7.978665554966033469e-01
6.773678584415583828e+02 8.008521394220167178e-01
6.778800574425574723e+02 8.051986953370899869e-01
6.783922564435564482e+02 8.083948389273161172e-01
6.789044554445554240e+02 8.093381559979443418e-01
6.794166544455545136e+02 8.110525957103035255e-01
6.799288534465534894e+02 8.153042132667851494e-01
6.804410524475524653e+02 8.191153643114290617e-01
6.809532514485514412e+02 8.199593660183877031e-01
6.814654504495504170e+02 8.243257284865912471e-01
6.819776494505495066e+02 8.237661456467094689e-01
6.824898484515484824e+02 8.310074692456079770e-01
6.830020474525474583e+02 8.335150189789045649e-01
6.835142464535464342e+02 8.340307440323320165e-01
6.840264454545454100e+02 8.374058981353563746e-01
6.845386444555444996e+02 8.407056424651621063e-01
6.850508434565434754e+02 8.449158517669596025e-01
6.855630424575424513e+02 8.443841695768637967e-01
6.860752414585414272e+02 8.495263999109167186e-01
6.865874404595404030e+02 8.530425394280728435e-01
6.870996394605394926e+02 8.543665585431372556e-01
6.876118384615384684e+02 8.589572929877647978e-01
6.881240374625374443e+02 8.641719402314518295e-01
6.886362364635365338e+02 8.650215559071334770e-01
6.891484354645355097e+02 8.685440417971193039e-01
6.896606344655344856e+02 8.686867998821535819e-01
6.901728334665334614e+02 8.708342529673780419e-01
6.906850324675324373e+02 8.742962022966279667e-01
6.911972314685315268e+02 8.776273973830975850e-01
6.917094304695305027e+02 8.772774289485844035e-01
6.922216294705294786e+02 8.813649511128278657e-01
6.927338284715284544e+02 8.823151491872558427e-01
6.932460274725274303e+02 8.852046012916348072e-01
6.937582264735265198e+02 8.863357724358655876e-01
6.942704254745254957e+02 8.849617242560958719e-01
6.947826244755244716e+02 8.825413272019414501e-01
6.952948234765234474e+02 8.900360680777066325e-01
6.958070224775224233e+02 8.945818233250690810e-01
6.963192214785215128e+02 8.925062697694026159e-01
6.968314204795204887e+02 8.972700897133228937e-01
6.973436194805194646e+02 9.007568940406120994e-01
6.978558184815185541e+02 9.044610422471385247e-01
6.983680174825174163e+02 9.045518171346551561e-01
6.988802164835165058e+02 9.056765348789378445e-01
6.993924154845154817e+02 9.058401790692693911e-01
6.999046144855144576e+02 9.109424299891623056e-01
7.004168134865135471e+02 9.069201058520570680e-01
7.009290124875125230e+02 9.145750029547355942e-01
7.014412114885114988e+02 9.145341071030450575e-01
7.019534104895104747e+02 9.217891966458212627e-01
7.024656094905094506e+02 9.213601811917602191e-01
7.029778084915085401e+02 9.255916197159980152e-01
7.034900074925075160e+02 9.256423858095657042e-01
7.040022064935064918e+02 9.296301190481336407e-01
7.045144054945054677e+02 9.274414461090885187e-01
7.050266044955044435e+02 9.262573127732277589e-01
7.055388034965035331e+02 9.309181978994806039e-01
7.060510024975025090e+02 9.294630736852862452e-01
7.065632014985014848e+02 9.313131481886950391e-01
7.070754004995005744e+02 9.311917392351543032e-01
7.075875995004994365e+02 9.347431032742986590e-01
7.080997985014985261e+02 9.400832900397648739e-01
7.086119975024975020e+02 9.387673027057361619e-01
7.091241965034964778e+02 9.426197774451995359e-01
7.096363955044955674e+02 9.435934131577767836e-01
7.101485945054944295e+02 9.495083451518310236e-01
7.106607935064935191e+02 9.505777682834063436e-01
7.111729925074924950e+02 9.506015704262259502e-01
7.116851915084914708e+02 9.498697000167238835e-01
7.121973905094905604e+02 9.517099490138214435e-01
7.127095895104895362e+02 9.550427711639311035e-01
7.132217885114885121e+02 9.562630367936129083e-01
7.137339875124874879e+02 9.556042200364232020e-01
7.142461865134864638e+02 9.507039823260425848e-01
7.147583855144855534e+02 9.548978297868712106e-01
7.152705845154845292e+02 9.492310836175953392e-01
7.157827835164835051e+02 9.569378447586537328e-01
7.162949825174825946e+02 9.490218649882947721e-01
7.168071815184814568e+02 9.477285204100146521e-01
7.173193805194805464e+02 9.436891972881431556e-01
7.178315795204795222e+02 9.407859773257929437e-01
7.183437785214784981e+02 9.403523086906322437e-01
7.188559775224775876e+02 9.338691695287898442e-01
7.193681765234764498e+02 9.295556739159971382e-01
7.198803755244755394e+02 9.272595214349238502e-01
7.203925745254745152e+02 9.242165372121627920e-01
7.209047735264734911e+02 9.333765584671596116e-01
7.214169725274725806e+02 9.285370455940080703e-01
7.219291715284715565e+02 9.205830112666170129e-01
7.224413705294705323e+02 9.205145908339662508e-01
7.229535695304695082e+02 9.133904581101327524e-01
7.234657685314684841e+02 9.121248865232763903e-01
7.239779675324675736e+02 9.047316274610202047e-01
7.244901665334665495e+02 9.032624219566346424e-01
7.250023655344655253e+02 9.037392120169295273e-01
7.255145645354646149e+02 8.998407663816689883e-01
7.260267635364634771e+02 8.969630630897362789e-01
7.265389625374625666e+02 8.896194776314519936e-01
7.270511615384615425e+02 8.848805429054397154e-01
7.275633605394605183e+02 8.825011439566992077e-01
7.280755595404596079e+02 8.808813659599156187e-01
7.285877585414584701e+02 8.741990586086417769e-01
7.290999575424575596e+02 8.705104436581591054e-01
7.296121565434565355e+02 8.693622964287461841e-01
7.301243555444555113e+02 8.651173271994527791e-01
7.306365545454546009e+02 8.633871451917115580e-01
7.311487535464534631e+02 8.605189933917071210e-01
7.316609525474525526e+02 8.557972074966131437e-01
7.321731515484515285e+02 8.548807801844383603e-01
7.326853505494505043e+02 8.525291468280401519e-01
7.331975495504495939e+02 8.502547256989316793e-01
7.337097485514485697e+02 8.515353073612487167e-01
7.342219475524475456e+02 8.511526057367467812e-01
7.347341465534466352e+02 8.505818230052039075e-01
7.352463455544454973e+02 8.496676298391392379e-01
7.357585445554445869e+02 8.490487984134844623e-01
7.362707435564435627e+02 8.516413460553241555e-01
7.367829425574425386e+02 8.491331861600471820e-01
7.372951415584416281e+02 8.515688044784240907e-01
7.378073405594404903e+02 8.533965555246334489e-01
7.383195395604395799e+02 8.541650659844354232e-01
7.388317385614385557e+02 8.555040051705832260e-01
7.393439375624375316e+02 8.528616886411081177e-01
7.398561365634366211e+02 8.560187691905086771e-01
7.403683355644354833e+02 8.554415870431257840e-01
7.408805345654345729e+02 8.596417078053889549e-01
7.413927335664335487e+02 8.573117515813698519e-01
7.419049325674325246e+02 8.623569114426740123e-01
7.424171315684316141e+02 8.651763618891008534e-01
7.429293305694305900e+02 8.652090858095072834e-01
7.434415295704295659e+02 8.681073693859217011e-01
7.439537285714285417e+02 8.717772741865393860e-01
7.444659275724275176e+02 8.717611265393804265e-01
7.449781265734266071e+02 8.776872030319199380e-01
7.454903255744255830e+02 8.754936088570095531e-01
7.460025245754245589e+02 8.809218275046462043e-01
7.465147235764236484e+02 8.870007776349511097e-01
7.470269225774225106e+02 8.886230054103559928e-01
7.475391215784216001e+02 8.955601441839236010e-01
7.480513205794205760e+02 8.992395189138109313e-01
7.485635195804195519e+02 9.019252833756401522e-01
7.490757185814186414e+02 9.118030659102751567e-01
7.495879175824175036e+02 9.153180126047968379e-01
7.501001165834165931e+02 9.146170960194595079e-01
7.506123155844155690e+02 9.187291561474578705e-01
7.511245145854145449e+02 9.255478442877935752e-01
7.516367135864136344e+02 9.327360129684914014e-01
7.521489125874126103e+02 9.393938565827009146e-01
7.526611115884115861e+02 9.430126816003973067e-01
7.531733105894105620e+02 9.490429710636870686e-01
7.536855095904095379e+02 9.523868165721089962e-01
7.541977085914086274e+02 9.554384582804773540e-01
7.547099075924076033e+02 9.638775583686337578e-01
7.552221065934065791e+02 9.648637637369954501e-01
7.557343055944056687e+02 9.706324973708303494e-01
7.562465045954045308e+02 9.755674127042701649e-01
7.567587035964036204e+02 9.788903478105586142e-01
7.572709025974025963e+02 9.806994905786623473e-01
7.577831015984015721e+02 9.844083424426425255e-01
7.582953005994006617e+02 9.904530903712515100e-01
7.588074996003995238e+02 9.919689121508641350e-01
7.593196986013986134e+02 9.958449251281907832e-01
7.598318976023975893e+02 9.932354719778568874e-01
7.603440966033965651e+02 9.905696674138031455e-01
7.608562956043956547e+02 9.933305898222490882e-01
7.613684946053945168e+02 9.949286631083050780e-01
7.618806936063936064e+02 9.973404580930904650e-01
7.623928926073925822e+02 9.996449814102488229e-01
7.629050916083915581e+02 1.000000000000000000e+00
7.634172906093906477e+02 9.972175652759424080e-01
7.639294896103896235e+02 9.934333334102088964e-01
7.644416886113885994e+02 9.987956399613097114e-01
7.649538876123876889e+02 9.953666548520958557e-01
7.654660866133865511e+02 9.949515882786909016e-01
7.659782856143856407e+02 9.906571628953501074e-01
7.664904846153846165e+02 9.920567887581350774e-01
7.670026836163835924e+02 9.933018287282611158e-01
7.675148826173826819e+02 9.891703526177043626e-01
7.680270816183815441e+02 9.866913935014521853e-01
7.685392806193806337e+02 9.815761072037417767e-01
7.690514796203796095e+02 9.810088180548366399e-01
7.695636786213785854e+02 9.771178336044235024e-01
7.700758776223776749e+02 9.737231306173009804e-01
7.705880766233765371e+02 9.670527793682069939e-01
7.711002756243756266e+02 9.646850633694076249e-01
7.716124746253746025e+02 9.598826002893433573e-01
7.721246736263735784e+02 9.548131939041604177e-01
7.726368726273726679e+02 9.502569505603067901e-01
7.731490716283716438e+02 9.477671583334504879e-01
7.736612706293706196e+02 9.382052448104083453e-01
7.741734696303697092e+02 9.349615705389000553e-01
7.746856686313685714e+02 9.290243865872835904e-01
7.751978676323676609e+02 9.252720514084905590e-01
7.757100666333666368e+02 9.230044457702550886e-01
7.762222656343656126e+02 9.186399967516396536e-01
7.767344646353647022e+02 9.113231928470462151e-01
7.772466636363635644e+02 9.063464535419600843e-01
7.777588626373626539e+02 9.029001764280164544e-01
7.782710616383616298e+02 8.985438727498369360e-01
7.787832606393606056e+02 8.952553956432128812e-01
7.792954596403596952e+02 8.917405203212067644e-01
7.798076586413585574e+02 8.895808864043365238e-01
7.803198576423576469e+02 8.846192482487774678e-01
7.808320566433566228e+02 8.795162125919955276e-01
7.813442556443555986e+02 8.751105503362013316e-01
7.818564546453546882e+02 8.706002294503515371e-01
7.823686536463536640e+02 8.700468500698526064e-01
7.828808526473526399e+02 8.660366597268743805e-01
7.833930516483516158e+02 8.642448611144512016e-01
7.839052506493505916e+02 8.612826768164222324e-01
7.844174496503496812e+02 8.558434320615996294e-01
7.849296486513486570e+02 8.540993571178049359e-01
7.854418476523476329e+02 8.463178990562845172e-01
7.859540466533467225e+02 8.462127559126652043e-01
7.864662456543455846e+02 8.442504845690602666e-01
7.869784446553446742e+02 8.415302034854288404e-01
7.874906436563436500e+02 8.386547500215477680e-01
7.880028426573426259e+02 8.353958813757053070e-01
7.885150416583417154e+02 8.338922094145687636e-01
7.890272406593405776e+02 8.325349726843740417e-01
7.895394396603396672e+02 8.312490821261722118e-01
7.900516386613386430e+02 8.268317067329404857e-01
7.905638376623376189e+02 8.280768757876918462e-01
7.910760366633367084e+02 8.244934114519333335e-01
7.915882356643356843e+02 8.209816363456189370e-01
7.921004346653346602e+02 8.177937799272069208e-01
7.926126336663336360e+02 8.197505245754316272e-01
7.931248326673326119e+02 8.143414293221171718e-01
7.936370316683317014e+02 8.146538917441128458e-01
7.941492306693306773e+02 8.080177509501192956e-01
7.946614296703296532e+02 8.066724378906566795e-01
7.951736286713287427e+02 8.053802000386242055e-01
7.956858276723276049e+02 8.013151565111805708e-01
7.961980266733266944e+02 7.984332668065161620e-01
7.967102256743256703e+02 7.947684274513452385e-01
7.972224246753246462e+02 7.923178595725028917e-01
7.977346236763237357e+02 7.885995046066156533e-01
7.982468226773225979e+02 7.807390271336283050e-01
7.987590216783216874e+02 7.747609619097675093e-01
7.992712206793206633e+02 7.710671094761830657e-01
7.997834196803196392e+02 7.664820458405834369e-01
8.002956186813187287e+02 7.621461703556430267e-01
8.008078176823175909e+02 7.576941803023190536e-01
8.013200166833166804e+02 7.536633305077182765e-01
8.018322156843156563e+02 7.488565751754863165e-01
8.023444146853146322e+02 7.448623347723490884e-01
8.028566136863137217e+02 7.416737201275773739e-01
8.033688126873126976e+02 7.393154056603979951e-01
8.038810116883116734e+02 7.347251250583749504e-01
8.043932106893107630e+02 7.282795833949076147e-01
8.049054096903096251e+02 7.226899207116568302e-01
8.054176086913087147e+02 7.174737263968045120e-01
8.059298076923076906e+02 7.122971819452129649e-01
8.064420066933066664e+02 7.062209511877052259e-01
8.069542056943057560e+02 7.021881999989469936e-01
8.074664046953046181e+02 6.949822187135131779e-01
8.079786036963037077e+02 6.905111196696488429e-01
8.084908026973026836e+02 6.844386806449556104e-01
8.090030016983016594e+02 6.776016551808144994e-01
8.095152006993007490e+02 6.712047962281916247e-01
8.100273997002996111e+02 6.645577030075221492e-01
8.105395987012987007e+02 6.579869351025785518e-01
8.110517977022976766e+02 6.498009133894577793e-01
8.115639967032966524e+02 6.448744286880563337e-01
8.120761957042957420e+02 6.413639158259086814e-01
8.125883947052947178e+02 6.370101498509068705e-01
8.131005937062936937e+02 6.323927405126392731e-01
8.136127927072927832e+02 6.272155635444370825e-01
8.141249917082916454e+02 6.244749900401309617e-01
8.146371907092907350e+02 6.243752525160513045e-01
8.151493897102897108e+02 6.197697924172310691e-01
8.156615887112886867e+02 6.176831719117795716e-01
8.161737877122877762e+02 6.171093978084239984e-01
8.166859867132866384e+02 6.178798640078313475e-01
8.171981857142857280e+02 6.180200410530929389e-01
8.177103847152847038e+02 6.127713642747741885e-01
8.182225837162836797e+02 6.134962801840052604e-01
8.187347827172827692e+02 6.151835294876388804e-01
8.192469817182816314e+02 6.138332316555719093e-01
8.197591807192807210e+02 6.136541498898342439e-01
8.202713797202796968e+02 6.135816915737067889e-01
8.207835787212786727e+02 6.157759191316383163e-01
8.212957777222777622e+02 6.164280651720549509e-01
8.218079767232767381e+02 6.157213266846381927e-01
8.223201757242757139e+02 6.146049173638935548e-01
8.228323747252746898e+02 6.203975100848688751e-01
8.233445737262736657e+02 6.251126506371929015e-01
8.238567727272727552e+02 6.220569184000371843e-01
8.243689717282717311e+02 6.244246318405490825e-01
8.248811707292707069e+02 6.249555381696139111e-01
8.253933697302697965e+02 6.260415659900278040e-01
8.259055687312686587e+02 6.238788058831240546e-01
8.264177677322677482e+02 6.257655378866714413e-01
8.269299667332667241e+02 6.251515262796862871e-01
8.274421657342656999e+02 6.253954839856261660e-01
8.279543647352647895e+02 6.252467470689999640e-01
8.284665637362636517e+02 6.257448456445779961e-01
8.289787627372627412e+02 6.277890836007767872e-01
8.294909617382617171e+02 6.244831545611621015e-01
8.300031607392606929e+02 6.219659154132768375e-01
8.305153597402597825e+02 6.211319911581594244e-01
8.310275587412587583e+02 6.171569219952601770e-01
8.315397577422577342e+02 6.152319310267930774e-01
8.320519567432567101e+02 6.108673691190986688e-01
8.325641557442556859e+02 6.081913726253910246e-01
8.330763547452547755e+02 6.071809761776238989e-01
8.335885537462537513e+02 6.025973015145612566e-01
8.341007527472527272e+02 5.952556188147607452e-01
8.346129517482518168e+02 5.867292911506668540e-01
8.351251507492506789e+02 5.812793577694460589e-01
8.356373497502497685e+02 5.802539522903975566e-01
8.361495487512487443e+02 5.740932145205107640e-01
8.366617477522477202e+02 5.656979395453817228e-01
8.371739467532468097e+02 5.584826962968630903e-01
8.376861457542456719e+02 5.490738890951144535e-01
8.381983447552447615e+02 5.402341806102276545e-01
8.387105437562437373e+02 5.334320095460658440e-01
8.392227427572427132e+02 5.244020381148515320e-01
8.397349417582418027e+02 5.165806843830033079e-01
8.402471407592406649e+02 5.051448550409973759e-01
8.407593397602397545e+02 4.943452412568500320e-01
8.412715387612387303e+02 4.808817510691902330e-01
8.417837377622377062e+02 4.685052974078244281e-01
8.422959367632367957e+02 4.594148797013131169e-01
8.428081357642357716e+02 4.452941685934313498e-01
8.433203347652347475e+02 4.297008754821533549e-01
8.438325337662338370e+02 4.133004810723614475e-01
8.443447327672326992e+02 3.976785934902660746e-01
8.448569317682317887e+02 3.815551761403405684e-01
8.453691307692307646e+02 3.680424981383483285e-01
8.458813297702297405e+02 3.519795945069830734e-01
8.463935287712288300e+02 3.403530049143934644e-01
8.469057277722276922e+02 3.255661916600131600e-01
8.474179267732267817e+02 3.140172182178734284e-01
8.479301257742257576e+02 3.051740687232095128e-01
8.484423247752247335e+02 3.000336395690922919e-01
8.489545237762238230e+02 2.974020704751325628e-01
8.494667227772226852e+02 2.936260175997673638e-01
8.499789217782217747e+02 2.908770562838525198e-01
8.504911207792207506e+02 2.901729661426266649e-01
8.510033197802197265e+02 2.897340841918959464e-01
8.515155187812188160e+02 2.875553490926843203e-01
8.520277177822177919e+02 2.850504630905316694e-01
8.525399167832167677e+02 2.859243516745231251e-01
8.530521157842158573e+02 2.858257099732453566e-01
8.535643147852147194e+02 2.854439265783108581e-01
8.540765137862138090e+02 2.820564417572971050e-01
8.545887127872127849e+02 2.832966857969531627e-01
8.551009117882117607e+02 2.830679734095696842e-01
8.556131107892108503e+02 2.819841499353910041e-01
8.561253097902097124e+02 2.799423144815685327e-01
8.566375087912088020e+02 2.768785579350164228e-01
8.571497077922077779e+02 2.800136774189391220e-01
8.576619067932067537e+02 2.777307294970491891e-01
8.581741057942058433e+02 2.785572045372712857e-01
8.586863047952047054e+02 2.754451380356475187e-01
8.591985037962037950e+02 2.756622247654504365e-01
8.597107027972027709e+02 2.765859660417864796e-01
8.602229017982017467e+02 2.756474804304774873e-01
8.607351007992008363e+02 2.729237166710151152e-01
8.612472998001998121e+02 2.717760934298573683e-01
8.617594988011987880e+02 2.734118959141000338e-01
8.622716978021977638e+02 2.696249525289690641e-01
8.627838968031967397e+02 2.672427066052786016e-01
8.632960958041958293e+02 2.683168132447482646e-01
8.638082948051948051e+02 2.679187325424753352e-01
8.643204938061937810e+02 2.656720756673662809e-01
8.648326928071928705e+02 2.646137416466965431e-01
8.653448918081917327e+02 2.617659926208727450e-01
8.658570908091908223e+02 2.609368330767637967e-01
8.663692898101897981e+02 2.574578292098087529e-01
8.668814888111887740e+02 2.559332036328660909e-01
8.673936878121878635e+02 2.543468167375776412e-01
8.679058868131867257e+02 2.533165433081853157e-01
8.684180858141858153e+02 2.480987889600228535e-01
8.689302848151847911e+02 2.455841241956912835e-01
8.694424838161837670e+02 2.418084080222144827e-01
8.699546828171828565e+02 2.373139148191258374e-01
8.704668818181818324e+02 2.333729457955786568e-01
8.709790808191808082e+02 2.290356342585137817e-01
8.714912798201797841e+02 2.241431725380379492e-01
8.720034788211787600e+02 2.188286527231959044e-01
8.725156778221778495e+02 2.146822052986875062e-01
8.730278768231768254e+02 2.088926981071314859e-01
8.735400758241758012e+02 2.027418125497793266e-01
8.740522748251748908e+02 1.976977496875275409e-01
8.745644738261737530e+02 1.907049178163467973e-01
8.750766728271728425e+02 1.851392839325105566e-01
8.755888718281718184e+02 1.788784874882644316e-01
8.761010708291707942e+02 1.723498873007017762e-01
8.766132698301698838e+02 1.642879266365575852e-01
8.771254688311687460e+02 1.575094308278263411e-01
8.776376678321678355e+02 1.521465604629495816e-01
8.781498668331668114e+02 1.441701558336143385e-01
8.786620658341657872e+02 1.396097907066817523e-01
8.791742648351648768e+02 1.314698049632665455e-01
8.796864638361637390e+02 1.255640864840462945e-01
8.801986628371628285e+02 1.157572414289882723e-01
8.807108618381618044e+02 1.093065047393988604e-01
8.812230608391607802e+02 1.037252646907383669e-01
8.817352598401598698e+02 9.595514175047983874e-02
8.822474588411588456e+02 8.887974284567502770e-02
8.827596578421578215e+02 8.203430337377376480e-02
8.832718568431569111e+02 7.716679132912036831e-02
8.837840558441557732e+02 7.501921213622786411e-02
8.842962548451548628e+02 7.047288642189605823e-02
8.848084538461538386e+02 6.949756832798363593e-02
8.853206528471528145e+02 6.938266568451754990e-02
8.858328518481519041e+02 7.199774421914389988e-02
8.863450508491507662e+02 7.195115977524961515e-02
8.868572498501498558e+02 7.289655299208945560e-02
8.873694488511488316e+02 7.265153507625730922e-02
8.878816478521478075e+02 7.817155970295044942e-02
8.883938468531468970e+02 8.020310731457397369e-02
8.889060458541457592e+02 8.191446612565606022e-02
8.894182448551448488e+02 8.347290099545287556e-02
8.899304438561438246e+02 8.508801069230577385e-02
8.904426428571428005e+02 8.754068149046399794e-02
8.909548418581418900e+02 8.933304979554469727e-02
8.914670408591408659e+02 9.067082429219359974e-02
8.919792398601398418e+02 9.377012744469730154e-02
8.924914388611388176e+02 9.539058255370240491e-02
8.930036378621377935e+02 9.495905627795438175e-02
8.935158368631368830e+02 9.551434783778572912e-02
8.940280358641358589e+02 9.764593159203791006e-02
8.945402348651348348e+02 9.915120665449382586e-02
8.950524338661339243e+02 9.851725090753127301e-02
8.955646328671327865e+02 9.916295222290889833e-02
8.960768318681318760e+02 9.964243311802932490e-02
8.965890308691308519e+02 1.012290775131815396e-01
8.971012298701298278e+02 1.001427416609625698e-01
8.976134288711289173e+02 1.007397124424198875e-01
8.981256278721277795e+02 9.960054814338735463e-02
8.986378268731268690e+02 1.025787186409587992e-01
8.991500258741258449e+02 1.011282934788459154e-01
8.996622248751248208e+02 9.858007560893049248e-02
9.001744238761239103e+02 1.011041827883175509e-01
9.006866228771228862e+02 9.954028241033120727e-02
9.011988218781218620e+02 1.004957449057255758e-01
9.017110208791208379e+02 9.952612452930480191e-02
9.022232198801198138e+02 1.003263802367820590e-01
9.027354188811189033e+02 9.859863584559051819e-02
9.032476178821178792e+02 9.790284854096069356e-02
9.037598168831168550e+02 9.732656877815655527e-02
9.042720158841159446e+02 9.491494537965373957e-02
9.047842148851148067e+02 9.506986700746063168e-02
9.052964138861138963e+02 9.534194176395699438e-02
9.058086128871128722e+02 9.378218829768192322e-02
9.063208118881118480e+02 9.099427132964689469e-02
9.068330108891109376e+02 9.189518295046625318e-02
9.073452098901097997e+02 9.047167749032355988e-02
9.078574088911088893e+02 8.889181445652671876e-02
9.083696078921078652e+02 8.814271791016158042e-02
9.088818068931068410e+02 8.622098237829727008e-02
9.093940058941059306e+02 8.618067299898406197e-02
9.099062048951049064e+02 8.322912653025940632e-02
9.104184038961038823e+02 8.169751087857692051e-02
9.109306028971028582e+02 8.041308425186910469e-02
9.114428018981018340e+02 8.089557471687970625e-02
9.119550008991009236e+02 7.829793148490682420e-02
9.124671999000998994e+02 7.467327304826293366e-02
9.129793989010988753e+02 7.304224338790737958e-02
9.134915979020979648e+02 7.347191009006973084e-02
9.140037969030968270e+02 7.120007049090232298e-02
9.145159959040959166e+02 6.697369880600710645e-02
9.150281949050948924e+02 6.394928587556283905e-02
9.155403939060938683e+02 6.660896213552637557e-02
9.160525929070929578e+02 6.283502583613304049e-02
9.165647919080918200e+02 5.851066666451754800e-02
9.170769909090909096e+02 5.622188814415574748e-02
9.175891899100898854e+02 5.520110725729225620e-02
9.181013889110888613e+02 5.267718696134481710e-02
9.186135879120879508e+02 5.119391487513452049e-02
9.191257869130868130e+02 4.731585632595825680e-02
9.196379859140859026e+02 4.554973978960120268e-02
9.201501849150848784e+02 4.448439915072724404e-02
9.206623839160838543e+02 4.162522530050628833e-02
9.211745829170829438e+02 3.923829891896950250e-02
9.216867819180819197e+02 3.928759451547828019e-02
9.221989809190808955e+02 3.871809892212768611e-02
9.227111799200799851e+02 3.650687763009476117e-02
9.232233789210788473e+02 3.498228355516973254e-02
9.237355779220779368e+02 3.457659193975583245e-02
9.242477769230769127e+02 3.582366004510486451e-02
9.247599759240758885e+02 3.308429386496041652e-02
9.252721749250749781e+02 3.082044053389417643e-02
9.257843739260738403e+02 3.031000071036487470e-02
9.262965729270729298e+02 3.188527696434669684e-02
9.268087719280719057e+02 3.057267200652312097e-02
9.273209709290708815e+02 3.088421013586664307e-02
9.278331699300699711e+02 3.096560873221929425e-02
9.283453689310688333e+02 3.279055060733227639e-02
9.288575679320679228e+02 3.026762628651444645e-02
9.293697669330668987e+02 3.137830845705941174e-02
9.298819659340658745e+02 3.107689116252249431e-02
9.303941649350649641e+02 3.285876374683584233e-02
9.309063639360639399e+02 3.447549073196159997e-02
9.314185629370629158e+02 3.280321245379513861e-02
9.319307619380618917e+02 3.257070946124544092e-02
9.324429609390608675e+02 3.361383248233146270e-02
9.329551599400599571e+02 3.371212148619972399e-02
9.334673589410589329e+02 3.398115676090890380e-02
9.339795579420579088e+02 3.289161947659521162e-02
9.344917569430569984e+02 3.258502695963460399e-02
9.350039559440558605e+02 3.312300703627517329e-02
9.355161549450549501e+02 3.422304747542581627e-02
9.360283539460539259e+02 3.365626903183199098e-02
9.365405529470529018e+02 3.377707858867837892e-02
9.370527519480519913e+02 3.517630052221491777e-02
9.375649509490508535e+02 3.299196795007199728e-02
9.380771499500499431e+02 3.298652766748461779e-02
9.385893489510489189e+02 3.225693726201796230e-02
9.391015479520478948e+02 3.444308996047615312e-02
9.396137469530469843e+02 3.429533962049776535e-02
9.401259459540459602e+02 3.315373304536014393e-02
9.406381449550449361e+02 3.356686248413486007e-02
9.411503439560439119e+02 3.460886454023161252e-02
9.416625429570428878e+02 3.517479062371515336e-02
9.421747419580419773e+02 3.281478411233988701e-02
9.426869409590409532e+02 3.328061829086897960e-02
9.431991399600399291e+02 3.302859678360327289e-02
9.437113389610390186e+02 3.263511370441876669e-02
9.442235379620378808e+02 3.288224678748302016e-02
9.447357369630369703e+02 3.310000584130172452e-02
9.452479359640359462e+02 3.259156770685585347e-02
9.457601349650349221e+02 3.292558641542221720e-02
9.462723339660340116e+02 3.257195000726514911e-02
9.467845329670328738e+02 3.045184865784131278e-02
9.472967319680319633e+02 3.138988263061764927e-02
9.478089309690309392e+02 3.219026508762531241e-02
9.483211299700299151e+02 3.192745406378306311e-02
9.488333289710290046e+02 3.047834948609383018e-02
9.493455279720278668e+02 3.117188558665891923e-02
9.498577269730269563e+02 3.052689792700051877e-02
9.503699259740259322e+02 3.102629673107756836e-02
9.508821249750249081e+02 2.972120776846266799e-02
9.513943239760239976e+02 2.724921054942469265e-02
9.519065229770229735e+02 2.842124516458609598e-02
9.524187219780219493e+02 2.839984982270789965e-02
9.529309209790210389e+02 2.771795447742011337e-02
9.534431199800199010e+02 2.704581842606832917e-02
9.539553189810189906e+02 2.747399866831170406e-02
9.544675179820179665e+02 2.726393048415552689e-02
9.549797169830169423e+02 2.673787543081594664e-02
9.554919159840160319e+02 2.546367178315697005e-02
9.560041149850148940e+02 2.576570621059540503e-02
9.565163139860139836e+02 2.624322523840348295e-02
9.570285129870129595e+02 2.376734579672437966e-02
9.575407119880119353e+02 2.540982280407012503e-02
9.580529109890110249e+02 2.490959406726612688e-02
9.585651099900098870e+02 2.505236051472749595e-02
9.590773089910089766e+02 2.502365520643060406e-02
9.595895079920079525e+02 2.282069782013319489e-02
9.601017069930069283e+02 2.297053488090836093e-02
9.606139059940060179e+02 2.409055788151887728e-02
9.611261049950049937e+02 2.547992587709792603e-02
9.616383039960039696e+02 2.349921941749549825e-02
9.621505029970030591e+02 2.173604799897516440e-02
9.626627019980019213e+02 2.267804079418482902e-02
9.631749009990010109e+02 2.356059362101998664e-02
9.636870999999999867e+02 2.095698173511484352e-02
